0.0 0.999920668988
std 0.0
0.25 0.997089504723
std 2e-05
0.5 0.988659117331
std 3e-05
0.75 0.974830343637
std 0.00012
1.0 0.955432631883
std 0.00016
1.25 0.931370996742
std 0.00038
1.5 0.90165911547
std 0.00042
1.75 0.866283325593
std 0.00061
2.0 0.826467394291
std 0.00071
2.25 0.786316509278
std 0.00175
2.5 0.740092111526
std 0.00178
2.75 0.692125343722
std 0.00208
3.0 0.64305206615
std 0.00131
3.25 0.592541971151
std 0.00184
3.5 0.539365962422
std 0.0017
3.75 0.489253614688
std 0.00109
4.0 0.434065565713
std 0.00052
4.25 0.380658981409
std 0.0015
4.5 0.328456467896
std 0.00115
4.75 0.279771516969
std 0.0013
5.0 0.231994899453
std 0.00268
