0.0 0.999589612047
std 0.0
0.25 0.996707105853
std 1e-05
0.5 0.988122985065
std 2e-05
0.75 0.974000121203
std 7e-05
1.0 0.954574673333
std 8e-05
1.25 0.930021461184
std 6e-05
1.5 0.900104112915
std 0.00025
1.75 0.8637790393
std 0.00052
2.0 0.824536942664
std 0.00031
2.25 0.783062620148
std 0.00085
2.5 0.737628832663
std 0.00098
2.75 0.689295134712
std 0.00032
3.0 0.639460026156
std 0.00061
3.25 0.586698802573
std 0.00073
3.5 0.533903181891
std 0.00038
3.75 0.480940784327
std 0.00059
4.0 0.426306278348
std 0.00081
4.25 0.373047070471
std 0.00049
4.5 0.32045327413
std 0.0017
4.75 0.269032720011
std 0.00121
5.0 0.2211983745
std 0.0003
