0.0 0.999926371006
std 0.0
0.25 0.997128023789
std 1e-05
0.5 0.98874453378
std 6e-05
0.75 0.975179892142
std 0.00016
1.0 0.956328962007
std 0.00013
1.25 0.932951647102
std 0.00077
1.5 0.903469081111
std 0.00097
1.75 0.868046187957
std 0.00128
2.0 0.831574770337
std 0.0013
2.25 0.790721157265
std 0.00248
2.5 0.747461745458
std 0.003
2.75 0.703731950517
std 0.00063
3.0 0.65112585748
std 0.00382
3.25 0.601400316136
std 0.00284
3.5 0.550331737742
std 0.00211
3.75 0.502635671122
std 0.00346
4.0 0.447191596649
std 0.00344
4.25 0.398734756845
std 0.00252
4.5 0.347871703031
std 0.00132
4.75 0.29977324699
std 0.0031
5.0 0.255549326112
std 0.00108
