0
1.4382567823526378 2.089663689023248 3.6611928944628445
3.054484727155635 4.7765559859829505 0.7732582266523785
0.8369879455685242 4.223143864526593 1.3899258421198346
1.9196162665412801 4.299200849605699 0.00988311490153389
2.4292553928710188 2.831878851513353 4.401718999235116
1.9307723452909575 2.6633585571389453 1.6936324911646947
1.3955732752122063 3.0728421004677453 6.1804229902892605
1.5418102800933293 3.045130662255227 6.15144774615943
4.79233823153616 1.2726334592327826 4.220500106785023
0.9488451213537397 2.340983540365957 4.824094532038871
4.5676268210225635 4.557806214123604 0.15076382873126495
0.8695034055347967 1.68461129025752 0.7485470111436332
1.9635378297894683 3.986299671188696 5.934616050801016
1.831759691128481 4.272306384363204 3.852798406426087
4.074633582480968 2.7445300238845105 4.641886802203503
1.6242334975899069 2.254685432489747 3.6562372075997813
4.156846683711637 2.644151804351735 2.570423842345842
1.5905644200369795 1.8262019350074865 1.7713106950951694
3.6614860914960143 3.39378644835967 4.285437742071622
2.787307962197772 3.7891425910821046 3.583958857085175
3.9717740094313387 0.9953670643404539 1.461472242658455
0.17315056411135898 4.847855719674759 1.9750577650407783
3.3573523746010054 0.5098007652687886 2.41096410680387
2.5322538586038963 1.411957365581447 1.6749185558548678
2.059918339439764 3.2121581565317414 2.0598542797186026
4.60648728026512 3.071694400408527 0.27113696894794376
1.2983662486882959 0.8637072123589495 4.288248443325895
3.0816097610242204 4.701235561772907 3.8505301377480046
2.0180788242689056 2.800252297606727 1.231852722421776
0.05544632853435982 3.327565820089699 5.474671127591039
1.586300693018523 2.529723472339499 2.2763466976153506
1.3600738415177522 3.5532267367495027 5.362335891096511
4.868027173769238 4.151020447641778 4.1941152268477975
3.983510156164511 1.4896332018020892 2.793701444203623
4.7120688134947475 2.9639288324019644 5.990923838723683
3.156297303148401 4.362622244787067 0.06387015723693891
3.123172089072541 4.999630176942392 5.892546539636235
1.4801660154797687 2.0972781770955686 4.927859984688325
0.801856547498313 3.912057902660582 4.802274216105779
4.965606226116849 1.8197580462826768 3.8088749678124825
0.2269832221707041 0.6632343475551239 4.200854333802162
4.3954567690870405 2.686364778530373 4.955632317376799
2.945405609270889 4.035634133176323 4.841422522437985
4.804609531744679 1.1946331506961254 2.425601294637127
0.9166688779323234 1.3077924175204714 5.969118171513931
4.375670709312632 2.809849848817832 0.6398658783033332
1.7793911856161726 0.39592007230093984 4.876347625441087
2.137450968401928 2.47091417353624 0.7906724445759252
3.3223478417507235 0.792655595311082 5.275998123668539
4.424574455669142 1.894150630004496 3.3300936287750598
0.44223159378639965 2.1101129658302105 5.277753179483944
0.6906609414957343 0.1703511285531678 3.9356513713514873
4.5881212202671 1.2403311872248513 3.8855446570195196
0.7381087553845017 3.138211097158281 2.199111926475608
2.6292404003253944 3.375674454803753 2.862037609981157
1.111597270401104 4.9113531791103995 4.344724134449667
0.1017081540520337 0.016584468041770384 3.88790445516468
4.507168277280797 2.3186455788540417 0.8454932401710574
2.9330710110003064 3.4740788262380393 3.6248779613653386
3.2565987882785965 2.7709888983974733 4.55389507965176
4.976115066839897 0.8312654438885253 4.058418066496476
0.5154494387256175 0.24136800168159833 0.5819171022567922
0.02633852302943107 2.8134500733738665 5.124149880638084
4.221044506236434 4.091763399928944 4.901928335815135
3.4790180040866514 3.8774330839375724 4.539286142090604
2.671780369139159 0.575185501778892 0.6922389239704425
4.5112289996006405 2.9056342378756788 5.1156758038036845
1.2096587000635872 3.2641574028731277 5.035756144656616
4.025041811983641 2.3875206338841695 1.5981781087289788
0.1407546226315537 2.0105813966441737 4.020366536735508
2.000706762191973 0.9731362376938896 2.301669386062533
0.7726950262377064 3.885443935101955 1.5672801962265321
0.2908886509780284 2.1678311868332587 3.8139949237685804
0.10071789963844668 1.6566672910395281 0.7228101840592471
4.797060982905791 4.254205779236394 6.247361783416621
1.8111908388226876 2.256467393816309 1.8357156044369045
3.33850152186739 0.7910648751479871 2.713119419638325
2.70923310987848 1.565065775229428 4.345198186369939
0.1951458007627943 4.731095637958928 4.166136846287403
3.069222301399483 4.063514400590666 1.9194971525336828
2.1353369841462975 1.1351192328521609 4.467307247907313
2.730835188652652 2.0464838411181248 3.7576652603379213
1.85472527696816 2.2608357130919803 1.9114265662122607
3.663183019758558 2.51035658764477 5.1175443489780355
1.8846970256503104 0.2610191255030342 5.670450560494603
3.160059838414721 2.596187119374136 5.633587994312341
4.608454843335432 4.942923601404392 5.8964015118354105
1.2689871583426666 1.1344868407237174 4.262454992820986
1.13709852637346 0.26265728896337215 1.7436375783102156
1.3092808281125574 1.0349908220715143 5.56335213089525
3.9417339981804496 2.012506197388469 0.9862352552351009
0.928315312663604 2.5939523022759365 3.761751797903644
2.7189867587002996 2.11165577683369 0.4824438155540546
2.907319564082114 2.3337208284735897 0.8404326280544399
2.48165373473245 0.8181500246308937 5.658609711010397
4.275867416066354 4.428603119482543 3.4864023742861288
4.241851371213265 2.1227730075378313 2.717365648316207
3.503346158054266 2.1530891727015526 5.859464736672072
3.6418402151936142 2.9734394622239813 1.4118521189498023
3.8056560310692644 3.434650190924899 0.11593202061119941
0.530856447082042 2.3057261748284663 4.886941044205884
0.2137605355406269 0.6892057257464274 3.8711634319658317
2.3296541118761804 0.590681135483081 0.5649394056595198
3.1039061706629996 0.23157048402086988 0.08879112814993563
3.0323013408065225 0.7001297418697633 1.0598214503536625
1.9456002272738726 0.7401394460108834 1.7691066225942356
2.1734371292768766 1.1505064922322494 1.1495031618050016
3.120728322969431 0.7336841160905144 1.7117919285768413
0.20250433926560452 2.7849326543653783 3.5004274361407517
2.6858076582379793 0.04871106231835454 1.464089925140221
3.2809240423824977 3.807784884845891 5.233194822306442
3.4567574761929496 1.790871853625411 1.2028847390254742
1.5719603905730244 4.710923964905339 5.496492922718129
0.46537742058609166 0.9470239236697203 4.587746637378363
1.5084740531904424 2.2511895536828073 6.101971447795816
0.8879423068425163 2.362508321837924 4.221290109079132
4.48429873073376 1.1104574831308294 4.028050581093628
4.166781024085835 1.258880800343925 0.3495407381365038
1.4443873994507483 1.8472173547616673 1.696298968780345
4.455751645259742 0.10232344941062621 4.146130144320891
2.438459710142249 4.248694499499197 5.280740901446841
2.628657520428374 1.723424584115016 1.6221645091621528
3.378199623622477 2.695146931559977 3.50164923584033
4.300566663038002 2.589204826969112 0.882153845954711
2.419832104959843 0.31373834679413737 3.6699603767523197
0.7469177231245583 2.46299376130235 6.174491966001222
1.0603158314820589 3.8840340176514543 3.9007701836040516
4.310047989098038 0.5655577561623337 4.459505160687747
1.7543861053364973 1.0752961860027805 5.08832681596897
4.320260758268382 1.6409637302375357 0.585026599253482
2.5172367698120066 4.691620702299354 1.319267116484204
2.5757353980308912 1.8265780976629205 0.00034645815636379486
0.15238474658419932 2.2671636862397513 4.087428887376396
3.1957876132161704 2.4789999099805504 5.915067589379527
4.952492033009876 3.0316052177207267 4.211159571092608
4.0376710947276795 0.513715677927023 2.6567626655819097
1.3881077947987168 0.40318592789757524 2.4754974441624964
4.6459963015347725 0.1307460880702621 1.5765533263943288
1.090162206688462 0.32487729905632867 4.401147688580973
1.362440096224002 2.4435194518214627 3.836491022977465
3.9919598521210893 3.581144462745685 6.221500924335645
2.863521486025284 4.273960300005175 4.245269266084941
4.877478877952659 0.21433318627549602 2.1870853155214003
4.517554383558749 4.012660996390132 1.249861926565411
3.326730956987871 3.5666184274925605 1.2768067360324957
2.8952253475857583 0.46676620947228686 6.270094803959931
1.234376649569204 3.101136763849629 3.45908817030933
1.3799387834391075 2.6393778222340094 4.1247086041085295
0.49793651857925003 2.107716689168286 5.390621208368976
0.3125936112087324 4.833766533471308 2.4468730204391633
4.196952899198671 1.9000053782850785 6.260839961810081
3.6593576585800447 0.13463730795012285 3.8228933507269667
1.2103660553438118 2.5681882278371293 4.9724148801193815
4.420241723148177 2.135010768619829 0.8449259319562247
4.449401745367986 0.573988651634329 1.5475249100446693
1.557928505966072 4.693469982723165 1.0314352693160536
3.7342099489722753 2.271624922635234 4.878959072509427
3.3946925885772012 0.4383371746915027 5.869048860801653
4.977721944329865 4.7522684696354425 3.144016135282624
0.6417120511841101 2.4692574862091137 2.0069585695631895
3.4553109386045695 0.27856149078885895 2.933885181506223
1.2360025518702895 3.315940816075866 3.1553487516117857
0.668877269149239 1.001940346814456 3.5803647848065903
1.3842293093324232 3.5315251471902345 1.364874146873941
2.989833252787291 2.941903296976095 1.3816374995359268
3.4884514645632954 3.0130772889382005 5.082887578803565
4.667345530213115 3.482453425929506 5.353838960689552
4.03399630041987 1.9582509732387905 4.270118527595137
4.62727039267617 1.4233566898161114 0.09423291281011525
4.878034978453748 4.092536491571712 1.5643775315049655
4.356175571915686 0.44729858375032683 2.5153037054012626
3.753885241028436 2.144120298381826 0.4531894415374736
4.236268615949479 1.7110681128414202 3.1694694458023895
2.5169110025611 4.051118058582272 4.607938669191651
4.504926064370469 1.9885084200247582 2.4497847850117958
4.9622244080766365 1.0106328597218817 0.8315848116348752
1.984034645387045 4.803575985301714 2.3148913081589013
1.266051030554618 4.918216632782915 6.152992421789708
1.999611445825205 2.122391958928858 4.159395793868361
0.20978384294748909 2.755135096907233 0.8985686478748818
3.1425776045252896 2.154984366141438 4.975713087390856
1.573629509007669 2.962989006276966 4.86312079725989
0.4969647483984174 3.962586417676803 5.012082820807368
2.844996046587878 4.986164376888841 0.13643463185079593
3.0416260711604073 1.2167375281656645 5.605514118760254
0.7944949490752257 0.41177506527091956 5.32536053638701
1.2845614248491715 0.789683193810462 4.518482872177382
4.650589708710905 3.8371166905162863 4.798756313990764
4.137277247797279 4.481291058875519 6.111757361832343
3.7948351256912503 0.30171714030027996 1.490845217133498
2.417071151484178 3.9878660898113787 5.046820263265355
4.776175833375784 3.5566110395169193 3.6685477554475083
4.462506832717743 2.2846391733853064 5.452205432936382
4.501712598383456 3.4010352227796763 2.321883753433705
1.6317377550775198 2.970957513421978 5.216285548620382
1.6916079070415795 4.357559750154293 3.596783495904836
1.6065530155850394 0.05926218226463553 1.0947357240265556
3.9176437031923954 1.6250718829907917 0.4466069942316044
3.4377343277791987 1.399982711086039 5.82164621440948
1.4874029713638615 3.823659652068556 0.243507590360121
3.0889232950663876 2.611109345270509 3.9667057518294064
2.034332412020868 1.0035323634980087 2.8700977633452687
0.43514240772150214 4.764126279029873 1.4083740390068924
4.225704934075599 4.184897090133618 0.7214931582114147
3.784590144066348 4.009108717008946 5.108002069352222
3.4131259596422145 2.9986614624817514 0.9067557363974404
1.1547094247246763 4.781402067286581 1.5367541198079875
3.208718975171398 0.9227722759730383 4.057246618849261
2.913017265050934 2.4011515604516065 5.667605128712119
0.5677736285111096 1.7038946617621442 2.0418509446913093
0.30161568667939453 1.1252787385109742 5.984585508933119
2.417453998537259 3.8502159520952652 2.91147601549534
0.48568639068969355 4.885959065583464 3.5328990623821968
0.9087939637005293 3.01461820827789 2.084391766483027
0.5809709705588573 1.9056921280876322 1.7385688598795166
3.8805600165668914 4.494045596673109 5.030958201145579
4.868905155933407 3.208608410831016 3.0542571711965047
4.351089417607289 1.6563307888848777 2.3634022436173394
3.8122690319236465 1.2133387934395667 5.16888847767423
0.8118647098543846 0.8521934728025299 2.8281081113583197
1.706150340962333 3.698248977690353 5.8662244440398545
3.2161468717417883 0.21864041289250846 4.5156856593398995
0.34075405196496933 4.6730727425582765 0.010319831804771017
1.8867755997343183 2.2318671673423034 3.544627759523071
0.4115180027169152 1.9960095970628915 3.8007846959868243
4.140350723171758 0.13598906265507693 3.508308397420482
4.285373029329768 0.35123985417355674 3.3008144612606807
0.4525301643298085 1.3715704272377423 3.810243376673187
1.212767685966956 3.3241014132227935 5.55363505458601
4.615346029165378 1.260535178194215 2.2734301673208575
0.8823934150679957 0.7095804025123542 4.493676734393982
0.8691365855435174 4.842122232641919 5.81465437066301
4.863803799159296 3.047464732992692 2.678644445797167
2.3238605118445217 0.6988084038704168 3.113102952963183
1.2392184858099582 4.967911967652266 5.336891587985125
4.507595080673054 4.742856449163493 3.9912680198816974
1.814746445052862 4.3699339596436095 1.2332487884216192
2.4632857646304416 4.904159647653611 4.413484802793021
0.7429369233329669 2.3263903204382173 6.192517792017573
2.469819120432508 2.3324056369044484 5.001883406662913
1.6850242771515878 0.520409074839272 4.244429956591456
4.449840953211909 2.536940204862243 0.7155837011079156
4.778962828278118 0.09876304687691295 3.494538153574408
1.7664557814501851 3.496593160625912 2.109033974034067
4.409374008037514 4.022901387129715 2.2625736358273256
1.012998498269586 2.719805104723819 0.69067477801377
1.5051354389409177 3.248542006850693 1.9468820669977096
4.641339791142668 1.4970053559650358 0.594179319247043
4.034990474953308 0.6764174144877044 0.5335080586089072
2.045907035447061 4.4550233454223145 4.747521825724693
0.5535610994604351 4.971249562212997 2.0475808553184134
3.414948879079823 4.425551526659468 2.286337989339077
1.9234500920673558 4.943513049632062 4.716029270623991
4.512277108845476 0.7744700805811494 2.3309395382416094
0.6585548956866594 1.8421901404584902 3.5000997333696193
1.569523726543856 1.0086910898003483 4.515676250649461
0.6368697479052632 0.1301391127304341 1.7174019273644485
0.7743655440588787 3.437979025568147 1.5672073813216556
1.5524054561516203 2.666083283727642 2.306301238447129
0.11889915416903984 2.1404031048295846 0.9950733896221653
3.4250258058499132 4.795813234900798 3.641453957383124
3.8097237373255615 0.4194132478405571 2.2937469947111127
0.5334789531448214 2.039656699464847 2.841351971400304
2.8446598349460945 3.0502608124856363 3.561355630571899
1.2361988173826792 0.6904597052542188 3.3280203709383573
0.28099949816504377 0.3577750774073801 5.147357058611484
0.5100423024814893 2.188328592763755 5.010888931820193
3.9339128596016506 0.12459474841068907 2.1816189240155324
0.9032126787420663 2.634887387428363 4.718939202781935
2.899283934800839 3.9132269186790847 1.9424016436070488
1.791867402670867 2.4675814049200846 2.1169995461546884
2.2587875339151227 1.4806181247680061 0.23469276913750148
0.028043391798918682 1.12869673689176 6.1913916645164235
4.701928110164359 2.5782747263193064 0.4461285143703398
0.451710970176733 3.003288166855434 6.059123551433595
0.17369423372225634 3.2459919556341053 3.961704453717727
2.4312220872617063 1.9654173089433606 5.415617503578201
2.2721258760370238 1.1016672218636732 3.9999951305507797
3.449024908432507 3.1446124962564594 2.801031068876038
3.1943184465717622 0.08018937237592172 3.3455955870265948
4.768670895601632 0.3587242388657147 5.72108432927655
0.3414317640229436 1.3642249601745648 4.451575498141744
1.5951425797375962 4.756649586664594 3.777538265606805
4.486230024936562 4.105944253225613 6.199455433299875
3.1188283463185544 2.350584095863064 0.3696207787462864
1.3978935495256235 2.8274133171559113 5.339862313345356
2.354015032550103 1.637650262824914 5.212491583715055
1.4350462089683613 2.0900719676077486 1.3704663115019269
2.579012381019659 0.2733651030100914 1.5917438629849492
2.965511578768105 3.837006491625992 5.103333130840279
3.4073559792327845 2.561397178970391 5.682450355591358
2.7794572911346855 4.0917845513417115 4.012665837825443
4.788502617315505 3.876521755953637 3.4444092260842223
1.7147376116156647 0.39573572039186433 0.27775787859593365
4.750575148976091 4.583901696952665 2.480277518667958
4.383381788899987 0.0801807481233685 5.729712993106353
2.9571227138937966 3.050549767452516 4.3384946990594715
0.9658147275019635 3.318572040155883 2.6808329428460507
4.160954013193339 2.6656947601699366 2.7880215840591136
2.973529764291651 0.119780878498017 0.5908903106436013
